TILES
0 0 0 1 1 1 1 1 1 0 0 0
0 0 0 1 0 0 0 0 1 0 0 0
0 0 0 1 0 0 0 0 1 0 0 0
0 0 0 1 0 0 0 0 1 0 0 0
0 0 0 1 0 0 0 0 1 0 0 0
0 0 0 1 0 0 0 0 1 0 0 0
1 1 1 1 0 0 0 0 1 1 1 1
1 0 0 0 0 0 0 0 0 0 0 1
1 0 0 0 0 1 1 0 0 0 0 1
1 0 0 1 1 0 0 1 1 0 0 1
1 0 0 0 0 0 0 0 0 0 0 1
1 0 0 0 0 0 0 0 0 0 0 1
1 0 0 0 0 0 0 0 0 0 0 1
1 0 0 0 0 0 0 0 0 0 0 1
1 0 0 0 1 0 0 1 0 0 0 1
1 1 1 1 0 0 0 0 1 1 1 1
0 0 0 1 0 0 0 0 1 0 0 0
0 0 0 1 0 0 0 0 1 0 0 0
0 0 0 1 1 1 1 1 1 0 0 0
PLAYER
5.406849,17.02192
EXIT
5.5,1.452381
FAST ENEMY
6.833333,5.261905 4.214286,2.785714 4,12.85714 7,12.88095
INVISIJUICE
5.547619,16.30952 1.70274,7.731507 9.584932,7.769863
