TILES
1 1 1 1 1 1 1 1 1 1 1 1 1 1 1 1 1 1 1 1 1 1 1 1
1 0 0 0 1 0 0 1 0 0 0 0 0 0 0 0 0 0 0 0 0 0 0 1
1 0 1 0 1 0 0 1 0 0 0 0 0 0 0 0 0 0 0 0 0 0 0 1
1 1 1 0 1 0 0 1 0 0 0 0 0 0 0 0 0 0 0 0 0 0 0 1
1 0 0 0 1 0 0 1 0 0 0 0 0 0 0 0 0 0 0 0 0 0 0 1
1 0 0 0 1 0 0 1 1 1 1 1 1 1 0 0 1 1 1 1 1 1 1 1
1 0 0 0 0 0 0 0 0 1 0 0 0 0 0 0 0 0 0 0 0 0 0 1
1 0 0 0 1 0 0 0 0 1 0 0 0 0 0 0 0 0 0 0 0 0 0 1
1 0 0 0 1 0 0 1 1 1 1 1 1 0 1 1 0 0 0 0 0 0 0 1
1 0 0 0 1 0 0 0 0 0 0 1 1 0 1 1 0 0 0 0 0 0 0 1
1 0 0 0 0 0 0 0 0 0 0 0 0 0 0 0 0 0 0 0 0 0 0 1
1 0 0 0 1 0 0 1 0 0 0 1 1 0 1 1 0 0 0 0 0 0 0 1
1 0 0 0 1 0 0 1 0 0 0 1 1 0 1 1 0 0 0 0 0 0 0 1
1 0 0 0 1 1 0 0 0 0 0 0 0 0 0 0 0 0 0 0 0 0 0 1
1 0 0 0 0 0 0 1 1 0 0 0 0 0 0 0 0 0 0 0 0 0 0 1
1 1 1 1 1 0 0 1 1 1 1 1 0 1 1 1 1 1 1 0 0 0 0 1
1 0 0 0 1 1 1 1 0 0 0 0 0 0 0 0 0 0 1 0 0 0 0 1
1 0 0 0 0 0 0 0 0 0 0 0 0 0 0 0 0 1 1 0 0 0 0 1
1 0 0 0 0 0 0 0 0 0 1 1 1 1 1 1 1 1 0 0 0 0 0 1
1 0 0 0 0 1 1 1 1 1 1 0 0 0 0 0 0 0 0 0 0 0 0 1
1 0 0 0 0 0 0 0 0 0 0 0 0 0 0 0 0 0 0 0 0 0 0 1
1 1 1 1 1 1 1 1 1 1 1 1 1 1 1 1 1 1 1 1 1 1 1 1
PLAYER
1.03386,1.90745
EXIT
21.53725,19.46614
FAST ENEMY
5.534319,2.631575 2.503385,11.09819 16.54627,8.76298 8.998872,9.477427 15.63093,16.46388 19.0474,19.03612 21.58691,12.5395 18.0316,3.632055 18.0632,1.340859 11.03481,3.520867 11.09481,1.451468 20.2842,3.656075 20.48081,1.519188 18.55305,8.478556 18.58465,12.4921 21.5711,10.50113 21.5553,8.462755 18.48984,10.40632 21.60045,6.487586 8.57804,3.34798 8.567006,1.488714
FAST ENEMY PATROL
| | 10.48081,6.489842;16.50113,6.474041;16.48533,13.47743;9.501129,13.47743;16.50113,13.47743;16.48533,6.461626 | | | | | | | | | | | | | | | | | |
PUSH MINE
2.503385,18.00903 11.52935,19.48194
INVISIJUICE
19.05192,3.420994 8.062077,3.074493 9.003846,3.960015 10.04674,4.039022 7.988045,3.99839 15.02822,3.667043 7.988045,2.023221 7.972243,1.027736 22.00677,1.85666 21.05869,1.224606 12.59706,2.568849 12.66027,1.462755 14.98081,2.592551 18.97291,2.346502 16.95598,2.624154 16.95824,1.510159 15.9763,2.608352 14.12077,3.625283 14.96501,1.423251 21.1851,2.504516 20.79007,3.500001 11.38713,3.641084 12.2088,3.625283 19.00451,1.493229 21.70654,4.037247 8.994357,2.584651 13.18849,3.641084
 
