TILES
0 0 0 0 1 1 1 1 1 1 1 1 1 1 1 1 1 1 1 1 1 1 1
0 0 0 0 1 0 0 0 0 0 0 0 0 0 0 0 0 0 0 0 0 0 1
0 0 0 0 1 0 0 0 0 0 0 0 0 0 0 0 0 0 0 0 0 0 1
0 0 0 0 1 0 0 1 1 1 1 1 1 1 1 1 1 1 1 1 0 0 1
0 0 0 0 1 0 0 1 0 0 0 0 0 0 0 0 0 0 0 1 0 0 1
0 0 0 0 1 0 0 0 0 0 0 0 0 0 0 0 0 0 0 0 0 0 1
0 0 0 0 1 0 0 0 0 0 1 1 1 0 1 1 1 0 0 0 0 0 1
0 0 0 0 1 1 1 0 0 0 1 0 0 0 0 0 1 0 0 1 1 1 1
0 0 0 0 0 0 0 0 0 0 1 0 1 1 1 0 1 0 0 0 0 0 0
0 0 0 0 0 0 0 0 0 0 1 0 1 0 1 0 1 0 0 0 0 0 0
0 0 0 0 1 1 1 0 0 0 1 0 0 0 0 0 1 0 0 1 1 1 1
0 0 0 0 1 0 0 0 0 0 1 1 1 1 1 1 1 0 0 0 0 0 1
0 0 0 0 1 0 0 0 0 0 0 0 0 0 0 0 0 0 0 0 0 0 1
0 0 0 0 1 0 0 1 0 0 0 0 0 0 0 0 0 0 0 1 0 0 1
0 0 0 0 1 0 0 1 1 1 1 1 1 1 1 1 1 1 1 1 0 0 1
0 0 0 0 1 0 0 0 0 0 0 0 0 0 0 0 0 0 0 0 0 0 1
0 0 0 0 1 0 0 0 0 0 0 0 0 0 0 0 0 0 0 0 0 0 1
0 0 0 0 1 1 1 1 1 1 1 1 1 1 1 1 1 1 1 1 1 1 1
PLAYER
13.11738,8.844244
EXIT
20.21783,12.99887
POUNCE ENEMY
13.00226,4.50903 17.47404,7.021445 15.95711,12.40971 10.0158,12.47291 8.546275,7.037246 19.99097,14.12302 18.48984,15.27652 5.975169,14.13883 7.492099,15.22912 7.979684,2.107224 17.99774,2.138827 14.01806,1.259594 11,1.259594
POUNCE ENEMY PATROL
17.5,4.5;17.5,12.5;8.5,12.5;8.5,4.5 17.5,12.5;8.5,12.5;8.5,4.5;17.5,4.5 8.5,12.5;8.5,4.5;17.5,4.5;17.5,12.5 8.5,12.5;8.5,4.5;17.5,4.5;17.5,12.5 8.5,4.5;17.51467,4.5079;17.49887,12.4921;8.507901,12.5079 | | | | | | | |
INVISIJUICE
12.51919,1.530474 12.50339,15.47743
DYNASWITCH
13.05869,9.837472
DYNASWITCH PATROL
12.96388,5.997743
HELMET
12.94808,6.994357
