TILES
0 0 0 1 1 1 1 1 1 0 0 0
0 0 0 1 0 0 0 0 1 0 0 0
0 0 0 1 0 0 0 0 1 0 0 0
0 0 0 1 0 0 0 0 1 0 0 0
0 0 0 1 0 0 0 0 1 0 0 0
0 0 0 1 0 0 0 0 1 0 0 0
1 1 1 1 0 0 0 0 1 1 1 1
1 0 0 0 0 0 0 0 0 0 0 1
1 0 0 0 0 1 1 0 0 0 0 1
1 0 0 1 1 0 0 1 1 0 0 1
1 0 0 0 0 0 0 0 0 0 0 1
1 0 0 0 0 0 0 0 0 0 0 1
1 0 0 0 0 0 0 0 0 0 0 1
1 0 0 0 0 0 0 0 0 0 0 1
1 0 0 0 1 0 0 1 0 0 0 1
1 1 0 0 0 0 0 0 0 0 1 1
0 1 1 0 0 0 0 0 0 1 1 0
0 0 1 1 0 0 0 0 1 1 0 0
0 0 0 1 1 1 1 1 1 0 0 0
PLAYER
5.406849,17.02192
EXIT
5.5,1.452381
SLOW ENEMY
3.5,12.04762 7.571429,11.95238
PUSH MINE
5.095238,15 6.02381,15 1.404762,7.714286 9.476192,7.619048
