TILES
1 1 1 1 1 1 1 1 1 1 1 1 1 1 1 1 1 1 1 1 1 1 1 1 1 1 1 1 1 1 1 1 1 1 1 1 1 1 1 1 1 1 1 1 1 1 1 1 1 1 1 1 1 1 1 1 1 1 1
1 0 0 0 0 0 0 0 0 0 0 0 0 0 0 0 0 0 0 0 0 0 0 0 0 0 0 0 0 0 0 0 0 0 0 0 0 0 0 0 0 0 0 0 0 0 0 0 0 0 0 1 0 0 0 0 0 0 1
1 0 0 0 0 0 0 0 0 0 0 0 0 0 0 0 0 0 0 0 0 0 0 0 0 0 0 0 0 0 0 0 0 0 0 0 0 0 0 0 0 0 0 0 0 0 0 0 0 0 0 1 0 0 0 0 0 0 1
1 0 0 0 0 0 0 0 0 0 0 0 0 0 0 0 0 0 0 0 0 0 0 0 0 0 0 0 0 0 0 0 0 0 0 0 0 0 0 0 0 0 0 0 0 0 0 0 0 0 0 1 0 0 0 0 0 0 1
1 0 0 0 0 0 0 0 0 0 0 0 0 0 0 0 0 0 0 0 0 0 0 0 0 0 0 0 0 0 0 0 0 0 0 0 0 0 0 0 0 0 0 0 0 0 0 0 0 0 0 1 0 0 0 0 0 0 1
1 0 0 0 0 0 0 0 0 0 0 0 0 0 0 0 0 0 0 0 0 0 0 0 0 0 0 0 0 0 0 0 0 0 0 0 0 0 0 0 0 0 0 0 0 0 0 0 0 0 0 1 0 0 0 0 0 0 1
1 0 0 0 0 0 0 0 0 0 0 0 0 0 0 0 0 0 0 0 0 0 0 0 0 0 0 1 1 1 1 1 1 1 1 1 1 1 1 1 1 1 1 1 1 1 1 1 1 1 0 1 0 0 0 0 0 0 1
1 0 0 0 0 0 0 0 0 0 0 0 0 0 0 0 0 0 0 0 0 0 0 0 0 0 0 1 0 0 0 0 0 0 0 0 0 0 0 0 0 0 0 0 0 0 0 0 0 0 0 1 0 0 0 0 0 0 1
1 0 0 0 0 0 0 0 0 0 0 0 0 0 0 0 0 0 0 0 0 0 0 0 1 1 1 1 0 1 1 1 1 1 1 1 1 1 1 1 1 1 1 1 1 1 1 1 1 1 1 1 0 0 0 0 0 0 1
1 0 0 0 0 0 0 0 0 0 0 0 0 0 0 0 0 0 0 0 0 0 0 1 1 0 0 0 0 1 0 0 0 0 0 0 0 0 0 1 0 0 0 0 0 0 0 0 1 0 0 0 0 0 0 0 0 0 1
1 0 0 0 0 0 0 0 0 0 0 0 0 0 0 0 0 0 0 0 0 0 1 1 0 0 0 1 1 1 0 0 0 0 0 0 0 0 0 1 0 0 0 0 0 0 0 0 1 0 0 0 0 0 0 0 0 0 1
1 0 0 0 0 0 0 0 0 0 0 0 0 0 0 0 0 0 0 0 0 1 1 0 0 0 1 1 0 0 0 0 0 0 0 0 0 0 0 1 0 0 0 0 0 0 0 0 0 0 0 0 0 0 0 0 0 0 1
1 0 0 0 0 0 0 0 0 0 0 0 0 0 0 0 0 0 1 1 1 1 0 0 0 1 1 0 0 0 0 0 0 0 0 0 0 0 0 1 0 0 0 0 0 0 0 0 0 0 0 0 0 0 0 0 0 0 1
1 0 0 0 0 0 0 0 0 0 0 0 0 0 0 0 0 0 1 0 0 0 0 0 1 1 0 0 0 0 0 0 0 0 0 0 0 0 0 1 0 0 0 0 0 0 0 0 1 0 0 0 0 0 0 0 0 0 1
1 0 0 0 0 0 0 0 0 0 0 0 0 0 0 0 1 1 1 0 1 1 1 1 1 0 0 0 1 1 1 1 1 1 1 1 1 1 1 1 0 0 0 0 0 0 0 0 1 0 0 0 0 0 0 0 0 0 1
1 0 0 0 0 0 0 0 0 0 0 0 0 0 0 1 1 0 0 0 0 0 0 0 0 0 0 0 0 0 0 0 0 0 0 0 0 0 0 0 0 0 0 0 0 0 0 0 1 1 1 1 1 0 0 1 1 1 1
1 0 0 0 0 0 0 0 0 0 0 0 0 0 0 1 0 0 0 0 0 0 0 0 0 0 0 0 0 0 0 0 0 0 0 1 1 1 1 1 0 0 0 0 0 0 0 0 1 0 0 0 0 0 0 0 0 0 1
1 0 0 0 0 0 0 0 0 0 0 0 0 0 0 1 0 0 0 0 0 0 0 1 0 0 0 0 0 0 0 0 0 0 0 1 0 0 0 1 0 0 0 0 0 0 0 0 1 0 0 0 0 0 0 0 0 0 1
1 0 0 0 0 0 0 0 0 0 0 0 0 0 0 1 0 0 0 0 0 0 0 1 0 0 0 0 0 0 0 0 0 0 0 1 0 0 0 1 0 0 0 0 0 0 0 0 0 0 0 0 0 0 0 0 0 0 1
1 0 0 0 0 0 0 0 0 0 0 0 0 0 0 1 0 0 0 0 0 0 0 1 0 0 0 0 1 1 1 1 1 1 1 1 0 0 0 1 0 0 0 0 0 0 0 0 0 0 0 0 0 0 0 0 0 0 1
1 0 0 0 0 0 0 0 0 0 0 0 0 0 0 1 0 0 0 0 0 0 0 1 0 0 0 0 0 0 0 0 0 0 0 0 0 0 0 1 0 0 0 0 0 0 0 0 1 0 0 0 0 0 0 0 0 0 1
1 0 0 0 0 0 0 0 0 0 0 0 0 0 0 1 0 0 0 0 0 0 0 0 0 0 0 0 0 0 0 0 0 0 0 0 0 0 0 1 0 0 0 0 0 0 0 0 1 0 0 0 0 0 0 0 0 0 1
1 0 0 0 0 0 0 0 0 0 0 0 0 0 0 1 0 0 0 0 0 0 0 0 0 0 0 0 0 0 0 0 0 0 0 0 0 0 0 1 0 0 0 0 0 0 0 0 1 0 0 0 0 0 0 0 0 0 1
1 1 1 1 1 1 1 1 1 1 1 1 1 1 1 1 1 1 1 1 1 1 1 1 1 1 1 1 1 1 1 1 1 1 1 1 1 1 1 1 1 1 1 1 1 1 1 1 1 1 1 1 1 1 1 1 1 1 1
PLAYER
54.50338,2.486456
EXIT
3.121901,18.14447
SLOW ENEMY
8.374718,11.55192 11.83521,13.90632 41.47742,4.630926 41.50903,1.391648 43.43228,14.97065 45.0869,11.51693 49.52708,9.54176 49.51128,13.4921 56.07111,13.20542
SLOW ENEMY PATROL
| | | | | | | | |
FAST ENEMY
24.30023,1.29684 22.8781,1.391648 21.6456,1.707675 8.513544,2.682844 5.6693,4.294582 3.528217,6.748307 33.8307,17.78555
FAST ENEMY PATROL
| | | | | | |
POUNCE ENEMY
30.02123,5.079202 30.95351,1.097261 31.9648,5.095003 17.72573,3.598194 16.88826,4.404063 15.75056,5.273138 18.0158,9.797968 16.96727,10.86682 40.53498,9.495486 40.56659,21.48871 46.54799,9.504582 46.4921,15.56321 46.4921,21.53612 40.50338,15.5316 10.39391,8.354402 11.92664,6.948081 49.26749,16.91761 49.25169,20.20429
POUNCE ENEMY PATROL
30.0,1.0;30.0,5.0 31.0,5.0;31.0,1.0 32.0,5.0;32.0,1.0 | | | | | 40.5,9.5;40.5,15.5;40.5,21.5;46.5,21.5;46.5,15.5;46.5,9.5 40.5,21.5;46.5,21.5;46.5,15.5;46.5,9.5;40.5,9.5;40.5,15.5 46.5,9.5;40.5,9.5;40.5,15.5;40.5,21.5;46.5,21.5;46.5,15.5 46.5,15.5;46.5,9.5;40.5,9.5;40.5,15.5;40.5,21.5;46.5,21.5 46.5,21.5;46.5,15.5;46.5,9.5;40.5,9.5;40.5,15.5;40.5,21.5 40.5,15.5;40.5,21.5;46.5,21.5;46.5,15.5;46.5,9.5;40.5,9.5 | | | |
RANGED ENEMY
23.03612,7.285553 22.04063,8.059819 20.91083,8.933409 54.09593,20.0395 55.29684,18.82393 53.92212,21.54063 56.76636,19.02934
RANGED ENEMY PATROL
| | | | | | |
TOWER
25.49391,6.564981 26.01354,1.523702 20.00092,3.42006 14.51785,6.58033 19.29797,9.011287 14.24154,11.88713 9.340651,10.17627 10.88918,16.24399 4.98173,14.94038 6.433409,20.32393 43.51016,11.48646 53,18.98081 37.62528,12.67269
SLOW MINE
34.00677,15.02257 37.01806,17.02934
INVISIJUICE
56.34763,21.41422 54.62415,4.204289
DYNASWITCH
6.054176,17.89052 19.06208,14.78442 35.08465,10.77088 37.04176,17.79007
DYNASWITCH PATROL
3.313881,19.45405;3.36129,16.83103;1.76535,18.822;1.74955,17.36827;4.783409,18.11094;8.05397,19.47424;8.512211,18.17852;5.146521,16.42457;9.22327,16.6774;4.135229,20.62774;9.886921,20.80155;10.09234,18.71577;11.76729,19.47424;12.73117,17.30945;6.631849,13.86476;9.99753,14.76543;13.67925,19.86927;4.25621,18.84989;2.40745,16.57449 18.95147,13.99436 27.92663,21.99323;27.95824,20.95034;27.94244,19.98646 22.91535,21.02934;22.97855,22.00903;22.91535,15.98871;22.93115,15.00903
