TILES
0 0 0 1 1 1 1 1 1 1 1 1 1 1 1 1 1 1 1
0 0 0 1 0 0 0 0 0 0 0 0 0 0 0 0 0 0 1
0 0 0 1 0 0 0 0 0 0 0 0 0 0 0 0 0 0 1
0 0 0 1 0 0 0 0 0 0 0 0 0 0 0 0 0 0 1
0 0 0 1 0 0 1 1 1 1 1 1 1 1 1 1 0 0 1
0 0 0 1 0 0 0 0 0 0 0 1 0 0 0 0 0 0 1
0 0 0 1 0 0 0 0 0 0 0 1 0 0 0 0 0 0 1
0 0 0 1 1 1 1 1 1 0 0 1 0 0 1 1 1 1 1
0 0 0 1 0 0 0 0 0 0 0 1 0 0 0 0 0 0 1
0 0 0 1 0 0 0 0 0 0 0 1 0 0 0 0 0 0 1
0 0 0 1 0 0 1 1 1 1 1 1 1 1 1 1 0 0 1
0 0 0 1 0 0 0 0 0 0 0 1 0 0 0 0 0 0 1
0 0 0 1 0 0 0 0 0 0 0 1 0 0 0 0 0 0 1
0 0 0 1 1 1 1 1 1 1 1 1 1 1 1 1 1 1 1
PLAYER
9.403226,11.39247
EXIT
12.37097,11.54301
SLOW ENEMY
4.586021,1.827957 16.41398,1.548388
SLOW ENEMY PATROL
4.569892,1.747312;4.397849,5.575269;9.666667,5.553763;9.516129,8.801075;4.225806,8.736559;4.548387,11.40322;9.688171,11.6828 16.41398,1.548388;16.34946,5.612903;12.54301,5.870968;12.17742,8.473118;16.5,8.516129;16.56452,11.56989;12.58602,11.48387
POUNCE ENEMY
10.97849,2.940861 13.46774,1.387097 8.607527,1.365591
POUNCE ENEMY PATROL
| | |
BLOWUP MINE
6.403226,11.45699 10.96237,1.241936
HELMET
8.05914,11.39247
 
