TILES
0 0 0 0 1 1 1 1 1 1 1 1 1 1 1 1 1 1 1 1
0 0 0 0 1 0 0 0 0 0 1 0 0 0 0 0 0 0 0 1
0 0 0 0 1 0 0 0 0 0 0 1 0 0 0 0 0 0 0 1
0 0 0 0 1 0 0 0 1 0 0 0 1 0 0 0 1 0 0 1
0 0 0 0 1 1 0 0 0 1 0 0 0 1 0 0 0 1 0 1
0 0 0 0 1 0 1 0 0 0 1 0 0 0 1 0 0 0 1 1
0 0 0 0 1 0 0 1 0 0 0 1 0 0 0 1 0 0 0 1
0 0 0 0 1 0 0 0 1 0 0 0 1 0 0 0 1 0 0 1
0 0 0 0 1 0 0 0 0 1 0 0 0 1 0 0 0 0 0 1
0 0 0 0 1 0 0 0 0 0 1 0 0 0 1 0 0 0 0 1
0 0 0 0 1 0 0 1 0 0 0 1 0 0 0 1 0 0 0 1
0 0 0 0 1 0 0 0 1 0 0 0 0 0 0 0 1 0 0 1
0 0 0 0 1 0 0 0 0 1 0 0 0 0 0 0 0 1 0 1
0 0 0 0 1 1 1 1 1 1 1 1 1 1 1 1 1 1 1 1
PLAYER
7.930108,12.01075
EXIT
18.01613,3.860215
FAST ENEMY
5.612903,1.473119 17.54839,7.55914 13.68817,11.66667
FAST ENEMY PATROL
| | 13.68817,11.66667;10.37634,11.45161;5.623656,7.301075;5.473118,11.3871
BLOWUP MINE
5.521505,11.08602 6.037634,10.5914 8.580645,1.344086 9.026882,1
HELMET
5.005376,11.58064 8.016129,1.989248
 
