TILES
1 1 1 1 1 1 1 1 1 1 1 1 1 1 1 1 1 1 1 1 1 1 1 1 1 1 1 1 1 1 1 1 1
1 0 0 0 0 0 0 1 1 0 0 0 0 0 0 0 0 0 0 0 0 0 0 0 0 0 1 1 0 0 0 0 1
1 0 1 1 0 0 0 1 0 0 0 0 1 0 0 0 1 0 0 0 1 1 1 0 0 0 0 0 0 0 1 0 1
1 0 1 0 0 0 0 0 0 0 0 0 1 0 0 0 0 0 0 0 0 0 0 0 0 0 0 0 0 0 0 0 1
1 1 1 0 1 1 1 1 1 1 1 1 1 1 1 1 1 1 1 1 1 1 1 1 1 0 1 1 1 1 0 0 1
1 0 0 0 1 0 0 0 0 0 0 0 1 1 0 0 0 0 0 0 1 1 0 0 0 0 1 0 0 0 0 0 1
1 0 0 0 1 0 0 0 1 1 0 0 0 0 0 0 1 1 0 0 0 0 0 0 0 0 1 0 1 1 1 1 1
1 0 0 1 1 1 1 0 1 1 1 1 1 1 1 1 1 1 1 1 1 1 1 1 1 1 1 0 0 1 0 0 1
1 0 0 0 0 1 0 0 1 0 0 0 0 0 0 0 0 0 0 0 0 0 0 0 0 0 1 0 0 1 0 0 1
1 0 0 0 0 1 0 0 1 0 0 0 0 0 0 0 0 0 0 0 0 0 0 0 0 0 1 0 0 1 0 0 1
1 1 1 0 0 1 0 0 1 0 0 1 1 1 1 1 1 1 1 1 1 1 1 1 0 0 1 0 0 1 0 0 1
1 1 1 0 0 1 0 0 1 0 0 1 0 0 0 0 0 0 0 0 0 0 0 1 0 0 1 0 0 1 0 0 1
1 0 0 0 0 1 0 0 1 0 0 0 0 0 0 0 0 0 0 0 0 0 0 0 0 0 1 0 0 1 0 0 1
1 0 0 0 0 1 0 0 1 0 0 0 0 0 1 1 1 0 1 1 1 0 0 0 0 0 1 0 0 1 0 0 1
1 1 1 1 0 1 0 0 1 1 1 0 0 0 1 0 0 0 0 0 1 0 0 1 1 1 1 0 0 1 0 0 1
1 0 0 0 0 1 0 0 0 0 0 0 0 0 1 0 1 1 1 0 1 0 0 0 0 0 0 0 0 1 0 0 1
1 0 0 0 0 1 0 0 0 0 0 0 0 0 1 0 1 0 1 0 1 0 0 0 0 0 0 0 0 1 0 0 1
1 1 1 1 0 1 0 0 1 1 1 0 0 0 1 0 0 0 0 0 1 0 0 1 1 1 1 0 0 1 0 0 1
1 0 0 0 0 1 0 0 1 0 0 0 0 0 1 1 1 1 1 1 1 0 0 0 0 0 1 0 0 1 0 0 1
1 0 0 0 0 1 0 0 1 0 0 0 0 0 0 0 0 0 0 0 0 0 0 0 0 0 1 0 0 1 0 0 1
1 0 0 0 0 1 0 0 1 0 0 1 0 0 0 0 0 0 0 0 0 0 0 1 0 0 1 0 0 1 0 0 1
1 0 0 0 1 1 0 0 1 0 0 1 1 1 1 1 1 1 1 1 1 1 1 1 0 0 1 0 0 0 0 0 1
1 0 0 0 0 1 0 0 1 0 0 0 0 0 0 0 0 0 0 0 0 0 0 0 0 0 1 0 0 0 0 0 1
1 0 1 0 0 1 0 0 1 0 0 0 0 0 0 0 0 0 0 1 1 1 0 0 0 0 1 0 0 1 0 0 1
1 0 0 0 0 1 0 0 1 1 1 1 1 1 1 1 1 1 1 1 0 1 1 1 1 1 1 0 0 1 0 0 1
1 0 0 0 0 1 0 0 0 0 0 0 0 0 0 0 0 0 0 0 0 0 0 0 0 0 0 0 0 1 0 0 1
1 1 1 0 0 1 1 1 0 0 0 0 0 0 0 0 0 0 0 0 0 0 0 0 0 0 0 0 0 1 0 0 1
1 0 0 0 0 1 1 0 0 0 1 1 1 1 1 1 1 1 1 1 1 1 1 1 1 1 1 1 1 1 0 0 1
1 0 0 0 0 1 1 0 0 0 1 0 0 0 0 0 0 0 0 0 0 0 0 0 0 0 0 0 0 0 0 0 1
1 0 0 1 1 1 1 1 1 1 1 1 1 1 1 1 0 0 0 0 0 0 0 0 0 0 0 0 0 0 0 0 1
1 0 0 1 0 0 0 0 0 0 0 0 0 0 0 1 0 0 0 0 0 0 0 0 0 0 0 0 0 0 0 0 1
1 0 0 0 0 0 0 0 0 0 0 0 0 0 0 0 0 0 0 0 0 0 0 0 0 0 0 0 0 0 0 0 1
1 1 1 1 1 1 1 1 1 1 1 1 1 1 1 1 1 1 1 1 1 1 1 1 1 1 1 1 1 1 1 1 1
PLAYER
17,16
EXIT
1.521445,15.53273
POUNCE ENEMY
17.5,11.5 21.5,13.5 21.5,19.5 15.5,19.5 18.5,19.5 20.5,11.5 14.5,11.5 20,24.25056 8,27 27,14 7,14 21.5,16.5 4.98307,5.258465 24.5,6 16.5,8.5 16.5,22.5 19.98758,29.05079 25.95937,31.06095 15.97291,30.03386 4.975169,30.5711 30.51919,15.68849 1.00903,25.1298 3.995485,20.10496 1.001129,1.276524 15.00903,3.22009 10.99549,3.235892 1.514673,12.59255 3.995485,8.26298 25.00903,2.549662
POUNCE ENEMY PATROL
21.5,11.5;21.5,19.5;12.5,19.5;12.5,11.5 21.5,19.5;12.5,19.5;12.5,11.5;21.5,11.5 12.5,19.5;12.5,11.5;21.5,11.5;21.5,19.5 12.5,19.5;12.5,11.5;21.5,11.5;21.5,19.5 12.5,19.5;12.5,11.5;21.5,11.5;21.5,19.5 21.5,11.5;21.5,19.5;12.5,19.5;12.5,11.5 21.5,11.5;21.5,19.5;12.5,19.5;12.5,11.5 | | | | 21.5,19.5;12.5,19.5;12.5,11.5;21.5,11.5 | | | | | | | | | | | | | | | | |
PUSH MINE
1,3 7,28
SLOW MINE
30.5,13.5
INVISIJUICE
15,8.5 15,22.5 18,22.5 18,8.5
DYNASWITCH
17.05756,16.73476 22.08239,4.741535 11.07224,27.74266
DYNASWITCH PATROL
17,13 25,4 4,30;14,30;16,29;19,29;19,30;20,30;20,30;24,28;24,29;26,30;27,31
HELMET
17,14 23.5,5.5 30.5,7.5
