TILES
1 1 1 1 1 1 1 1 1 1 1 1 1 1 1 1 1 1 1 1 1 1 1 1 1 1 1 1
1 0 0 1 0 0 0 0 0 0 0 0 0 0 0 0 0 0 0 0 0 1 0 0 0 0 0 1
1 0 0 1 1 1 0 0 0 0 0 0 0 0 0 0 0 0 0 0 0 1 0 0 1 0 0 1
1 0 0 0 0 0 0 0 0 0 0 0 0 0 0 0 0 0 0 0 0 1 0 0 1 1 0 1
1 0 0 1 1 1 1 1 1 1 1 1 1 1 1 1 1 1 1 0 0 1 0 0 0 0 0 1
1 0 0 1 1 1 0 1 1 1 0 0 0 0 0 0 0 0 1 0 0 1 0 0 0 0 0 1
1 0 0 1 1 0 0 0 1 1 0 0 1 0 0 0 0 0 1 0 0 1 0 0 0 0 0 1
1 0 0 1 0 0 0 0 0 1 0 0 1 0 0 0 0 0 1 0 0 1 0 0 0 0 0 1
1 0 0 1 0 0 0 0 0 1 0 0 1 0 0 0 0 0 1 0 0 1 0 0 0 0 0 1
1 0 0 1 0 0 0 0 0 1 0 0 1 0 0 0 0 0 1 0 0 1 0 0 0 0 0 1
1 0 0 1 0 0 0 0 0 1 0 0 1 0 0 0 0 0 1 0 0 1 0 0 0 0 0 1
1 0 0 1 0 0 0 0 0 1 0 0 1 0 0 0 0 0 1 0 0 1 0 0 0 0 0 1
1 0 0 1 0 0 0 0 0 1 0 0 1 0 0 0 0 0 1 0 0 1 0 0 0 0 0 1
1 0 0 1 0 0 0 0 0 1 0 0 1 0 0 0 0 0 1 0 0 1 0 0 0 0 0 1
1 0 0 1 0 0 0 0 0 1 0 0 1 0 0 0 0 0 1 0 0 1 0 0 0 0 0 1
1 0 0 1 0 0 0 0 0 1 0 0 1 0 0 0 0 0 1 0 0 1 0 0 0 0 0 1
1 0 0 1 0 0 0 0 0 1 0 0 1 0 0 0 0 0 1 0 0 1 0 0 0 0 0 1
1 0 0 1 0 0 0 0 0 1 0 0 1 1 1 0 1 1 1 0 0 1 0 0 0 0 0 1
1 0 0 1 0 0 0 0 0 0 0 0 1 0 0 0 0 0 1 0 0 1 0 0 0 0 0 1
1 0 0 1 1 1 1 1 1 1 0 0 1 1 1 1 1 0 1 0 0 1 0 0 0 0 0 1
1 0 0 1 0 0 0 0 0 1 0 0 1 0 0 0 0 0 0 0 0 1 0 0 0 0 0 1
1 0 0 0 0 0 0 0 0 1 0 0 1 0 0 0 0 0 1 1 1 1 0 0 0 0 0 1
1 0 0 1 0 0 0 0 0 1 0 0 1 0 0 0 0 0 0 0 0 0 0 0 0 0 0 1
1 0 0 1 0 0 0 0 0 1 0 0 1 0 0 0 0 0 1 1 1 1 1 1 1 1 0 1
1 0 0 1 0 0 0 0 0 1 0 0 1 1 1 1 1 1 1 1 1 1 1 1 1 1 0 1
1 0 0 1 0 0 0 0 0 0 0 0 0 0 0 0 0 0 0 0 0 0 0 0 0 0 0 1
1 1 1 1 1 1 1 1 1 1 1 1 1 1 1 1 1 1 1 1 1 1 1 1 1 1 1 1
PLAYER
10.53612,9.497742
EXIT
6.011286,4.986682
SLOW ENEMY
4.435666,8.026185 7.766366,7.225734 5.727991,8.869075 4.267403,10.83017 7.718961,10.3386 5.34763,11.76885 6.611738,12.66953 5.386004,13.55305 7.638826,14.83431 5.433408,14.99097 5.190745,6.925508 14.97968,13.87607 4.311512,9.309256 4.232506,12.55982 4.200903,14.26411 1.465011,24.6614 1.536117,11.42777 4.484199,24.48194 22.75621,21.04402 25.39503,11.83409 25.39503,17.93115 22.26637,14.66592 22.37698,9.021445 25.42664,6.010159 22.55079,3.039505 9.655756,2.076751 14.30135,2.756209 19.70542,1.286683 16.49436,22.51354
SLOW ENEMY PATROL
| | | | | | | | | | | | | | | | | 4.5,24.49774;7.486456,24.48194;7.502257,20.5158;4.5,20.4842 | | | | | | | | | | 16.49436,22.49774;16.47856,20.49097;13.4921,20.49097;13.5079,22.46614
DEAD ZONE
1,1 2,1
PUSH MINE
6.001129,22.47517 1.514673,14.02483 4.01693,1.012416 15.02483,21.48646
INVISIJUICE
15.04289,6.64018 13.93679,7.825282 16.24379,7.825282 15.1219,8.852369
DYNASWITCH
15.08578,10.82506 15.05869,7.57246 26.05869,0.8115138
DYNASWITCH PATROL
15.96388,10.98307;17.00677,10.98307;14.00451,10.99887;12.94582,11.01467;8.954853,18.04628 11.97743,4.981038 24.2,4.4;22.2,2.044019;22.2,6;26,8;23,10.0237;24.5,12.97517;21.99774,13.00677;26.01129,16.97291;22.01354,16.00903;20.98646,21.99774;21.96614,18.97968
