TILES
1 1 1 1 1 1 1 1 1 1 1 1 1 1 1 1 1 1 1 1 1 1
1 0 0 0 0 0 0 0 0 0 0 0 0 0 0 0 0 0 0 0 0 1
1 0 0 0 0 0 0 0 0 0 0 0 0 0 0 0 0 0 0 0 0 1
1 0 0 0 0 0 0 0 0 1 1 1 1 1 1 1 1 0 0 0 0 1
1 0 0 0 0 0 0 0 0 0 0 0 0 0 0 0 1 0 0 0 0 1
1 0 0 0 0 0 0 0 0 0 0 0 0 0 0 0 1 1 1 1 1 1
1 0 0 0 0 0 0 0 0 0 0 0 0 1 0 0 0 0 0 0 0 1
1 0 0 0 1 0 0 0 1 0 0 0 0 1 0 0 0 0 0 0 0 1
1 0 0 0 1 0 0 0 1 0 0 0 0 1 1 1 1 1 0 0 0 1
1 0 0 0 1 0 0 0 1 0 0 0 0 0 0 0 0 0 0 0 0 1
1 0 0 0 1 0 0 0 1 0 0 0 0 0 0 0 0 0 0 0 0 1
1 0 0 0 1 0 0 0 1 0 0 0 1 1 1 1 1 1 1 1 1 1
1 0 0 0 1 0 0 0 1 0 0 0 0 0 0 0 0 0 0 0 0 1
1 0 0 0 0 0 0 0 0 0 0 0 0 0 0 0 0 0 0 0 0 1
1 0 0 0 0 0 0 0 0 0 0 0 0 0 0 0 0 0 0 0 0 1
1 1 1 1 1 1 1 1 1 1 1 1 0 0 0 0 0 0 0 0 0 1
1 0 0 0 0 0 0 0 0 0 0 1 0 0 0 1 1 1 0 0 0 1
1 0 0 0 0 0 0 0 0 0 0 1 0 0 0 1 1 1 0 0 0 1
1 0 0 1 1 0 0 1 1 0 0 1 0 0 0 1 1 1 0 0 0 1
1 0 0 0 1 0 0 1 1 0 0 1 0 0 0 0 0 0 0 0 0 1
1 0 0 0 1 0 0 0 0 0 0 0 0 0 0 0 0 0 0 0 0 1
1 0 0 0 1 0 0 0 0 0 0 0 0 0 0 0 0 0 0 0 0 1
1 1 1 1 1 1 1 1 1 1 1 1 1 1 1 1 1 1 1 1 1 1
PLAYER
2.426421,20.20736
EXIT
18.88127,2.386288
SLOW ENEMY
11.06856,6.32107
SLOW ENEMY PATROL
|
FAST ENEMY
6.060201,9.578595
FAST ENEMY PATROL
6.013378,13.301;9.759197,13.18395;9.782609,4.943144;6.083612,5.107024;6.38796,13.27759;2.163879,13.46488;2.070234,5.130435;5.792642,5.177258
POUNCE ENEMY
5.5,20.5 13,20 19,13
POUNCE ENEMY PATROL
5.5,21;9.5,20.5;9.5,17;5.5,17 13.0,20;19.0,20;19.0,14.0;13.0,14.0 19,14;13,14;13,20;19,20
PUSH MINE
9.459867,16.45318
SLOW MINE
19.4398,20.301
DYNASWITCH
19.42977,7.913043
DYNASWITCH PATROL
9.381271,1.494984
