TILES
1 1 1 1 1 1 1 1 1
1 0 0 0 0 0 0 0 1
1 0 0 0 0 0 0 0 1
1 0 0 0 1 1 1 1 1
1 0 0 0 1 1 0 0 1
1 0 0 0 1 1 0 0 1
1 0 0 0 1 1 0 0 1
1 0 0 0 1 1 0 0 1
1 0 0 0 1 1 0 0 1
1 0 0 0 1 1 0 0 1
1 0 0 0 1 1 0 0 1
1 0 0 0 1 1 0 0 1
1 0 0 0 1 1 0 0 1
1 0 0 0 1 1 0 0 1
1 0 0 0 1 1 0 0 1
1 0 0 0 1 1 0 0 1
1 0 0 0 1 1 0 0 1
1 0 0 0 1 1 0 0 1
1 0 0 0 1 1 0 0 1
1 0 0 0 1 1 0 0 1
1 0 0 0 1 1 0 0 1
1 0 0 0 1 1 0 0 1
1 0 0 0 1 1 0 0 1
1 0 0 0 1 1 0 0 1
1 0 0 0 1 1 0 0 1
1 0 0 0 1 1 0 0 1
1 0 0 0 1 1 0 0 1
1 0 0 0 1 1 0 0 1
1 0 0 0 1 1 0 0 1
1 0 0 0 1 1 0 0 1
1 0 0 0 1 1 0 0 1
1 0 0 0 0 0 0 0 1
1 0 0 0 0 0 0 0 1
1 1 1 1 1 1 1 1 1
PLAYER
1.926829,4.32622
EXIT
6.435312,4.48554
FAST ENEMY
6.499239,1.439118
FAST ENEMY PATROL
6.499239,1.439118;1.704719,1.566971;1.534247,6.915525;1.747337,11.64307;1.789954,15.99543;1.87519,20.79376;1.960426,26.44292;2.08828,31.46423;6.243532,31.55936;6.456621,27.39574;6.520548,20.77473;6.520548,13.01598;6.47793,5.407915
SLOW MINE
1.980213,5.40563
