TILES
0 0 0 0 0 0 0 0 0 0 0 0 0 0 0 0 0 0
0 0 0 0 0 0 0 0 0 0 0 0 0 0 0 0 0 0
1 1 1 1 1 1 1 1 1 1 1 1 1 1 1 1 1 1
1 0 0 0 0 0 0 0 0 0 0 0 0 0 0 0 0 1
1 0 0 0 0 0 0 0 0 0 0 0 0 0 0 0 0 1
1 0 0 1 1 1 1 1 1 1 1 1 1 1 1 0 0 1
1 0 0 1 0 0 0 0 0 0 0 0 0 0 0 0 0 1
1 0 0 1 0 0 0 0 0 0 0 0 0 0 0 0 0 1
1 1 1 1 0 0 0 0 1 1 0 0 0 0 1 1 1 1
0 0 0 1 0 0 1 1 0 0 1 1 0 0 1 0 0 0
0 0 0 1 0 0 0 0 0 0 0 0 0 0 1 0 0 0
0 0 0 1 0 0 0 0 0 0 0 0 0 0 1 0 0 0
0 0 0 1 0 0 0 0 0 0 0 0 0 0 1 0 0 0
0 0 0 1 0 0 0 0 0 0 0 0 0 0 1 0 0 0
0 0 0 1 0 0 0 1 0 0 1 0 0 0 1 0 0 0
0 0 0 1 1 0 0 1 0 0 1 0 0 1 1 0 0 0
0 0 0 0 1 1 1 0 0 0 0 1 1 1 0 0 0 0
0 0 0 0 0 1 1 0 0 0 0 1 1 0 0 0 0 0
0 0 0 0 0 0 1 1 1 1 1 1 0 0 0 0 0 0
PLAYER
8.406849,17.02192
EXIT
1.515244,6.545731
RANGED ENEMY
5.457838,14.75327 11.48828,14.77458 4.456316,7.002893 13.04384,5.980062 1.491629,3.22831 15.81887,3.22831
RANGED ENEMY PATROL
| | 4.456316,7.002893;13.08645,7.06682 13.04384,5.980062;4.477625,6.065298 | |
INVISIJUICE
8.146576,15.29513 8.998935,15.14597
