TILES
0 0 1 1 1 1 1 1 1 1 1 1 1 1 1 1 1 1 1
0 0 1 0 0 0 0 0 0 0 0 0 0 0 0 0 0 0 1
0 0 1 0 0 0 0 0 0 0 0 0 0 0 0 0 0 0 1
0 0 1 0 0 0 0 0 0 0 0 0 0 0 0 0 0 0 1
0 0 1 0 0 0 1 1 1 1 1 1 1 1 1 0 0 0 1
0 0 1 0 0 0 0 0 0 0 0 0 0 0 0 0 0 0 1
0 0 1 0 0 0 0 0 0 0 0 0 0 0 0 0 0 0 1
0 0 1 0 0 0 0 0 0 0 0 0 0 0 0 0 0 0 1
0 0 1 0 0 0 0 0 0 0 0 0 0 0 0 0 0 0 1
0 0 1 0 0 0 1 1 1 1 1 1 1 1 1 0 0 0 1
0 0 1 0 0 0 1 0 0 0 0 0 0 0 1 0 0 0 1
0 0 1 0 0 0 1 0 0 0 0 0 0 0 1 0 0 0 1
0 0 1 0 0 0 1 0 0 0 0 0 0 0 1 0 0 0 1
0 0 1 0 0 0 1 0 0 0 0 0 0 0 1 0 0 0 1
0 0 1 0 0 0 1 0 0 0 0 0 0 0 1 0 0 0 1
0 0 1 0 0 0 1 0 0 0 0 0 0 0 1 0 0 0 1
0 0 1 0 0 0 1 1 1 0 0 0 1 1 1 0 0 0 1
0 0 1 0 0 0 0 0 0 0 0 0 0 0 0 0 0 0 1
0 0 1 0 0 0 0 0 0 0 0 0 0 0 0 0 0 0 1
0 0 1 0 0 0 0 0 0 0 0 0 0 0 0 0 0 0 1
0 0 1 1 1 1 1 1 1 1 1 1 1 1 1 1 1 1 1
PLAYER
12.95358,14.94825
EXIT
10.04573,1.637196
FAST ENEMY
13.59285,7.38965 10.95053,17.35616 10.03425,1.666667
FAST ENEMY PATROL
13.69939,7.375191;4.344748,7.630898;4.025114,17.64612;9.288432,17.58219;9.373669,12.90563 10.95053,17.35616;16.06469,17.29224;15.89422,5.216134;7.157534,5.343988 10.03425,1.666667;4.493912,1.666667;4.451293,5.225266;15.87291,5.076103;15.55327,1.60274
