TILES
1 1 1 1 1 1 1 1 1
1 0 0 0 1 0 0 0 1
1 0 0 0 1 0 0 0 1
1 0 0 0 1 0 0 0 1
1 0 0 0 1 0 0 0 1
1 0 0 0 1 0 0 0 1
1 0 0 0 1 0 0 0 1
1 0 0 0 1 0 0 0 1
1 0 0 0 1 0 0 0 1
1 0 0 0 1 0 0 0 1
1 0 0 0 1 0 0 0 1
1 0 0 0 0 0 0 0 1
1 0 0 0 0 0 0 0 1
1 0 0 0 0 0 0 0 1
1 1 1 1 1 1 1 1 1
PLAYER
1.926829,1.32622
EXIT
5.960366,1.496952
RANGED ENEMY
6.968037,12.76408 6.968037,11.76256 6.968037,10.6758 6.968037,9.546423 7.031964,8.394217 6.968037,7.222222 6.968037,6.092846
RANGED ENEMY PATROL
| | | | | | |
INVISIJUICE
2.130898,2.493151
