TILES
1 1 1 1 1 1 1 1 1 1 1 1
1 0 0 0 0 0 0 0 0 0 0 1
1 1 1 1 0 0 0 0 0 0 0 1
1 0 0 0 0 0 0 0 0 0 0 1
1 0 0 0 0 0 0 0 0 0 0 1
1 0 0 0 0 0 0 0 0 0 0 1
1 0 0 0 0 0 0 0 0 0 0 1
1 0 0 0 0 0 0 0 0 0 0 1
1 0 0 0 0 0 0 0 0 0 0 1
1 0 0 0 0 0 0 0 0 0 0 1
1 0 0 0 0 0 0 0 0 0 0 1
1 0 0 0 0 0 0 0 0 0 0 1
1 1 1 1 1 1 1 1 1 1 1 1
PLAYER
1.301829,1.048781
EXIT
0.8658538,11.13415
SLOW ENEMY
2.189024,3.685976 4.301829,6.246951 6.792254,8.687115
SLOW ENEMY PATROL
0.9085364,3.643293;5.112805,3.557927;9.487805,3.365854 1.420732,6.246951;5.646341,6.353659;9.615854,6.246951 1.698171,8.573171;5.539634,8.679878;9.615854,8.637195
 
