TILES
0 0 0 0 0 0 0 0 0 0 0 0 0 0 0 0 0 0
0 0 0 0 0 0 0 0 0 0 0 0 0 0 0 0 0 0
1 1 1 1 1 1 1 1 1 1 1 1 1 1 1 1 1 1
1 0 0 0 0 0 0 0 0 0 0 0 0 0 0 0 0 1
1 0 0 0 0 0 0 0 0 0 0 0 0 0 0 0 0 1
1 0 0 1 1 1 1 1 1 1 1 1 0 0 1 1 1 1
1 0 0 1 0 0 0 0 0 0 0 0 0 0 1 0 0 0
1 0 0 1 0 0 0 0 0 0 0 0 0 0 1 0 0 0
1 1 1 1 0 0 0 0 1 1 0 0 0 0 1 0 0 0
0 0 0 1 0 0 1 1 0 0 1 1 0 0 1 0 0 0
0 0 0 1 0 0 0 0 0 0 0 0 0 0 1 0 0 0
0 0 0 1 0 0 0 0 0 0 0 0 0 0 1 0 0 0
0 0 0 1 0 0 0 0 0 0 0 0 0 0 1 0 0 0
0 0 0 1 0 0 0 0 0 0 0 0 0 0 1 0 0 0
0 0 0 1 0 0 0 1 0 0 1 0 0 0 1 0 0 0
0 0 0 1 1 0 0 1 0 0 1 0 0 1 1 0 0 0
0 0 0 0 1 1 1 0 0 0 0 1 1 1 0 0 0 0
0 0 0 0 0 1 1 0 0 0 0 1 1 0 0 0 0 0
0 0 0 0 0 0 1 1 1 1 1 1 0 0 0 0 0 0
PLAYER
8.406849,17.02192
EXIT
1.515244,6.545731
FAST ENEMY
15.49087,3.358448 4.282344,11.7169
FAST ENEMY PATROL
| 4.282344,11.7169;4.36758,6.624049;12.35845,6.624049;12.37976,11.7382
SLOW MINE
7.996195,14.61187 8.93379,14.52664
 
