TILES
1 1 1 1 1 1 1 1 1 1 1 1 1 1 1 1 1
1 0 0 0 0 0 0 0 0 0 0 0 0 0 0 0 1
1 0 0 0 0 0 0 0 0 0 0 0 0 0 0 0 1
1 0 0 0 0 0 0 0 0 0 0 0 0 0 0 0 1
1 0 0 0 1 1 1 1 1 1 1 1 1 0 0 0 1
1 0 0 0 0 0 0 0 0 0 0 0 0 0 0 0 1
1 0 0 0 0 0 0 0 0 0 0 0 0 0 0 0 1
1 0 0 0 0 0 0 0 0 0 0 0 0 0 0 0 1
1 0 0 0 0 0 0 0 0 0 0 0 0 0 0 0 1
1 0 0 0 1 1 1 1 1 1 1 1 1 0 0 0 1
1 0 0 0 1 0 0 0 0 0 0 0 1 0 0 0 1
1 0 0 0 1 0 0 0 0 0 0 0 1 0 0 0 1
1 0 0 0 1 0 0 0 0 0 0 0 1 0 0 0 1
1 0 0 0 1 0 0 0 0 0 0 0 1 0 0 0 1
1 0 0 0 1 0 0 0 0 0 0 0 1 0 0 0 1
1 0 0 0 1 0 0 0 0 0 0 0 1 0 0 0 1
1 0 0 0 1 1 1 0 0 0 1 1 1 0 0 0 1
1 0 0 0 0 0 0 0 0 0 0 0 0 0 0 0 1
1 0 0 0 0 0 0 0 0 0 0 0 0 0 0 0 1
1 0 0 0 0 0 0 0 0 0 0 0 0 0 0 0 1
1 1 1 1 1 1 1 1 1 1 1 1 1 1 1 1 1
PLAYER
8.003049,10.48476
EXIT
8.045732,1.637196
SLOW ENEMY
4.268292,5.79878 11.92378,6.012195 4.015244,7.445122 11.73171,7.70122 1.487805,6.908536 14.33841,6.780488
SLOW ENEMY PATROL
7.704268,6.716463;12.48476,6.865853;3.222561,6.823171 13.58842,6.07622;13.67378,4.646341;13.56707,2.939025;10.68598,2.448171;6.631098,2.746951;2.411585,2.72561;2.347561,5.393293;8.17378,5.606707 1.881098,7.594512;1.77439,10.60366;1.625,14.46646;1.753049,17.94512;5.253049,17.9878;7.152439,17.77439;7.109756,12.09756 4.015244,5.939025;11.64634,7.679878;14.57012,7.722561;14.42073,10.07012;14.44207,14.33841;14.33537,17.64634;11.68902,17.90244;8.935976,17.96646;8.722561,15.93902;8.637196,13.44207;8.722561,12.33232 1.487805,6.908536;1.509146,1.381098;6.323171,1.231707 14.59451,6.631097;14.72256,1.231707;9.835366,1.189025
