TILES
0 0 0 1 1 1 1 1 1 1 1 1 1 1 1 1 1 1 1 1
0 0 0 1 0 0 0 0 0 0 0 0 0 0 0 0 0 0 0 1
0 0 0 1 0 0 0 0 0 0 0 0 0 0 0 0 0 0 0 1
0 0 0 1 0 0 1 1 1 1 1 1 1 0 0 0 0 0 0 1
0 0 0 1 0 0 1 0 0 0 0 0 1 1 0 0 0 0 0 1
0 0 0 1 0 0 1 0 0 0 0 0 0 0 0 0 0 0 0 1
0 0 0 1 1 1 1 0 0 0 0 0 0 0 0 0 0 0 0 1
0 0 0 1 0 0 1 0 0 0 0 0 1 1 0 0 0 0 0 1
0 0 0 1 0 0 1 1 0 1 1 1 1 0 0 0 0 0 0 1
0 0 0 1 0 0 0 0 0 0 0 0 0 0 0 0 0 0 0 1
0 0 0 1 0 0 0 0 0 0 0 0 0 0 0 0 0 0 0 1
0 0 0 1 1 1 1 1 1 1 1 1 1 1 1 1 1 1 1 1
PLAYER
7.128049,5.429878
EXIT
4.463415,4.810976
SLOW ENEMY
11.20427,9.527439 16.79878,5.420732
SLOW ENEMY PATROL
| |
DYNASWITCH
8.060976,5.198171 15.40854,5.365853 4.432927,7.22561
DYNASWITCH PATROL
11.95732,5.942073;11.93598,5.045732 12.37805,10.10366;12.31402,9.079268 7.996951,8.057927;10.3872,2.167683;10.36585,1.121952
