TILES
1 1 1 1 1 1 1 1 1
1 0 0 0 1 1 0 0 1
1 0 0 0 1 1 0 0 1
1 0 0 0 1 1 0 0 1
1 0 0 0 1 1 0 0 1
1 0 0 0 1 1 0 0 1
1 0 0 0 1 1 0 0 1
1 0 0 0 1 1 0 0 1
1 0 0 0 1 1 0 0 1
1 0 0 0 1 1 0 0 1
1 0 0 0 1 1 0 0 1
1 0 0 0 0 0 0 0 1
1 0 0 0 0 0 0 0 1
1 0 0 0 0 0 0 0 1
PLAYER
1.926829,1.32622
EXIT
6.614156,1.312786
SLOW ENEMY
6.50761,1.355404
SLOW ENEMY PATROL
6.486301,3.31583;6.443684,10.39041;6.379756,11.75418;2.011415,12.00989;1.92618,6.277778;1.904871,0.929224
DEAD ZONE
1,13 2,13 3,13 4,13 5,13 6,13 7,13
PUSH MINE
1.926829,2.807927
