TILES
1 1 1 1 1 1 1 1 1 1 1 1
1 0 0 0 0 0 0 0 0 0 0 1
1 1 1 1 0 0 0 0 0 0 0 1
1 0 0 0 0 0 0 0 0 0 0 1
1 0 0 0 0 0 0 0 0 0 0 1
1 0 0 0 0 0 0 0 0 0 0 1
1 0 0 0 0 0 0 0 0 0 0 1
1 0 0 0 0 0 0 0 0 0 0 1
1 0 0 0 0 0 0 0 0 0 0 1
1 0 0 0 0 0 0 0 0 0 0 1
1 0 0 0 0 0 0 0 0 0 0 1
1 0 0 0 0 0 0 0 0 0 0 1
1 1 1 1 1 1 1 1 1 1 1 1
PLAYER
1.301829,1.048781
EXIT
0.8658538,11.13415
RANGED ENEMY
1.938054,3.71697 4.94262,6.274047 7.584934,9.022905
RANGED ENEMY PATROL
1.938054,3.71697;5.688435,3.674352;9.332271,3.631734 4.94262,6.274047;8.756927,6.444519;1.852818,6.551064 8.735619,9.108141;5.58189,9.108141;2.321616,9.214686
