TILES
0 1 1 1 1 1 1 1 1 1 1 1 1 1 1 1 1 1 1 1 1 1 1
0 1 0 0 0 0 0 0 0 0 0 0 0 0 0 0 0 0 0 0 0 0 1
0 1 0 0 0 1 0 1 0 0 0 1 0 1 0 0 1 1 0 1 0 0 1
0 1 0 0 1 0 1 0 1 0 0 1 0 1 0 1 0 1 0 0 0 0 1
0 1 0 1 0 0 0 0 0 1 0 1 0 1 1 0 0 1 0 1 0 0 1
0 1 0 1 0 0 0 0 0 1 0 1 0 1 0 0 0 1 0 1 0 0 1
0 1 0 0 0 0 0 0 0 0 0 0 0 0 0 0 0 0 0 0 0 0 1
0 1 0 0 0 1 0 0 0 0 0 1 1 0 0 0 0 1 1 0 0 0 1
0 1 0 0 0 1 0 0 0 0 1 0 0 1 0 0 1 0 0 1 0 0 1
0 1 0 0 0 1 0 0 0 1 0 0 0 0 1 0 1 0 0 1 0 0 1
0 1 0 0 1 0 1 0 0 0 1 0 0 1 0 0 1 0 0 1 0 0 1
0 1 0 1 0 0 0 1 0 0 0 1 0 1 0 0 1 0 0 1 0 0 1
0 1 0 0 0 0 0 0 0 0 0 0 0 0 0 0 0 0 0 0 0 0 1
0 1 1 1 1 1 1 1 1 1 1 1 1 1 1 1 1 1 1 1 1 1 1
PLAYER
11.55205,6.072603
EXIT
11.36027,9.083561
 
